Дискириминант: 121.000000
x1 = -3.625000
 x2 = -6.375000